TABELA DE CONVERÇÃO:

Decimal:
-o
-1
-2
-3
-4
-5
-6
-7
-8
-9
-10
-11
-12
-13
-14
-15

------------------------------------------------------------------------------------------------------------------------------------------------------------------------------------------------------------------------------------------------------------------------------->

Binário:
-o
-1
-10
-11
-100
-101
-110
-111
-1000
-1001
-1010
-1100
-1101
-1110
-1111
-1000

------------------------------------------------------------------------------------------------------------------------------------------------------------------------------------------------------------------------------------------------------------------------------->

Hexadecimal:
-0
-1
-2
-3
-4
-5
-6
-7
-8
-9
-A
-B
-C
-D
-E
-F